16
49
68
12
17
67
139
198
162
177
104
44
26
139
198
162
177
104
44
26
238
161
123
232
30
186
135
238
161
123
232
30
186
135
147
213
100
53
89
77
86
147
213
100
53
89
77
86
66
173
80
43
212
10
181
66
173
80
43
212
10
181
109
119
219
221
118
183
221
109
119
219
221
118
183
221
82
174
148
43
229
74
185
82
174
148
43
229
74
185
139
198
162
177
104
44
26
139
198
162
177
104
44
26
102
128
25
96
6
152
1
102
128
25
96
6
152
1
211
221
116
55
221
77
119
211
221
116
55
221
77
119
108
53
91
205
86
179
213
108
53
91
205
86
179
213
109
119
219
221
118
183
221
109
119
219
221
118
183
221
150
190
165
111
233
91
250
150
190
165
111
233
91
250
201
107
242
154
188
38
175
201
107
242
154
188
38
175
4
8
1
66
128
16
32
4
8
1
66
128
16
32
87
197
85
113
85
92
21
87
197
85
113
85
92
21
46
152
11
230
130
185
96
46
152
11
230
130
185
96
11
247
194
189
112
47
220
11
247
194
189
112
47
220
118
162
157
104
39
218
137
118
162
157
104
39
218
137
201
107
242
154
188
38
175
201
107
242
154
188
38
175
40
53
74
141
82
163
212
40
53
74
141
82
163
212
4
41
65
74
144
18
164
4
41
65
74
144
18
164
147
213
100
53
89
77
86
147
213
100
53
89
77
86
11
247
194
189
112
47
220
11
247
194
189
112
47
220
224
28
56
7
206
129
115
224
28
56
7
206
129
115
231
243
249
124
62
159
207
231
243
249
124
62
159
207
99
202
152
50
166
140
41
99
202
152
50
166
140
41
193
123
240
30
188
7
239
193
123
240
30
188
7
239
189
77
111
211
219
244
54
189
77
111
211
219
244
54
35
194
136
48
34
140
8
35
194
136
48
34
140
8
60
62
143
207
227
243
248
60
62
143
207
227
243
248
231
243
249
124
62
159
207
231
243
249
124
62
159
207
163
243
232
60
58
143
206
163
243
232
60
58
143
206
47
251
203
254
178
191
236
47
251
203
254
178
191
236
87
197
85
113
85
92
21
87
197
85
113
85
92
21
35
194
136
48
34
140
8
35
194
136
48
34
140
8
220
34
183
200
45
114
139
220
34
183
200
45
114
139
90
190
150
175
229
107
249
90
190
150
175
229
107
249
211
221
116
55
221
77
119
211
221
116
55
221
77
119
33
103
200
25
114
134
156
33
103
200
25
114
134
156
234
136
58
162
142
168
35
234
136
58
162
142
168
35
128
49
96
12
24
3
198
128
49
96
12
24
3
198
152
3
230
128
57
96
14
152
3
230
128
57
96
14
90
190
150
175
229
107
249
90
190
150
175
229
107
249
106
152
26
166
134
169
97
106
152
26
166
134
169
97
105
94
154
151
230
165
121
105
94
154
151
230
165
121
193
123
240
30
188
7
239
193
123
240
30
188
7
239
128
49
96
12
24
3
198
128
49
96
12
24
3
198
68
33
81
72
20
18
133
68
33
81
72
20
18
133
176
54
172
13
107
195
218
176
54
172
13
107
195
218
4
41
65
74
144
18
164
4
41
65
74
144
18
164
253
69
127
209
95
244
23
253
69
127
209
95
244
23
43
243
202
188
50
175
204
43
243
202
188
50
175
204
234
169
122
170
158
170
167
234
169
122
170
158
170
167
56
54
142
141
99
227
216
56
54
142
141
99
227
216
176
54
172
13
107
195
218
176
54
172
13
107
195
218
141
107
227
218
184
54
174
141
107
227
218
184
54
174
36
12
9
67
194
144
48
36
12
9
67
194
144
48
33
103
200
25
114
134
156
33
103
200
25
114
134
156
234
169
122
170
158
170
167
234
169
122
170
158
170
167
124
23
223
197
119
241
93
124
23
223
197
119
241
93
155
197
102
177
89
108
22
155
197
102
177
89
108
22
47
251
203
254
178
191
236
47
251
203
254
178
191
236
185
100
46
153
75
230
146
185
100
46
153
75
230
146
10
148
2
165
64
41
80
10
148
2
165
64
41
80
103
194
153
112
38
156
9
103
194
153
112
38
156
9
251
201
126
178
159
236
39
251
201
126
178
159
236
39
155
197
102
177
89
108
22
155
197
102
177
89
108
22
215
213
117
117
93
93
87
215
213
117
117
93
93
87
74
156
18
167
196
41
113
74
156
18
167
196
41
113
253
69
127
209
95
244
23
253
69
127
209
95
244
23
103
194
153
112
38
156
9
103
194
153
112
38
156
9
135
222
161
119
232
29
122
135
222
161
119
232
29
122
145
81
100
20
25
69
70
145
81
100
20
25
69
70
105
94
154
151
230
165
121
105
94
154
151
230
165
121
197
115
241
92
60
23
207
197
115
241
92
60
23
207
247
209
125
116
31
221
71
247
209
125
116
31
221
71
176
23
236
5
123
193
94
176
23
236
5
123
193
94
235
235
250
186
190
174
175
235
235
250
186
190
174
175
145
81
100
20
25
69
70
145
81
100
20
25
69
70
103
227
217
120
54
158
141
103
227
217
120
54
158
141
164
61
105
79
218
147
246
164
61
105
79
218
147
246
185
100
46
153
75
230
146
185
100
46
153
75
230
146
176
23
236
5
123
193
94
176
23
236
5
123
193
94
108
53
91
205
86
179
213
108
53
91
205
86
179
213
102
128
25
96
6
152
1
102
128
25
96
6
152
1
36
12
9
67
194
144
48
36
12
9
67
194
144
48
66
173
80
43
212
10
181
66
173
80
43
212
10
181
78
181
83
237
84
59
213
78
181
83
237
84
59
213
215
244
53
125
77
95
211
215
244
53
125
77
95
211
255
224
63
248
15
254
131
255
224
63
248
15
254
131
102
128
25
96
6
152
1
102
128
25
96
6
152
1
252
38
191
201
111
242
155
252
38
191
201
111
242
155
160
53
104
13
90
131
214
160
53
104
13
90
131
214
197
115
241
92
60
23
207
197
115
241
92
60
23
207
215
244
53
125
77
95
211
215
244
53
125
77
95
211
147
213
100
53
89
77
86
147
213
100
53
89
77
86
40
53
74
141
82
163
212
40
53
74
141
82
163
212
74
156
18
167
196
41
113
74
156
18
167
196
41
113
46
152
11
230
130
185
96
46
152
11
230
130
185
96
139
198
162
177
104
44
26
139
198
162
177
104
44
26
43
210
138
180
34
173
72
43
210
138
180
34
173
72
196
16
49
68
12
17
67
196
16
49
68
12
17
67
40
53
74
141
82
163
212
40
53
74
141
82
163
212
