186
62
232
251
163
238
143
186
255
7
252
31
240
127
193
255
7
252
31
240
127
193
114
173
202
183
42
220
171
114
173
202
183
42
220
171
118
9
216
39
96
157
130
118
9
216
39
96
157
130
54
172
218
179
106
205
171
54
172
218
179
106
205
171
105
125
165
246
151
218
95
105
125
165
246
151
218
95
147
214
79
89
61
100
245
147
214
79
89
61
100
245
32
16
128
66
1
8
4
32
16
128
66
1
8
4
234
163
170
142
170
58
168
234
163
170
142
170
58
168
59
68
237
19
180
78
209
59
68
237
19
180
78
209
90
125
105
245
167
214
159
90
125
105
245
167
214
159
203
187
46
236
187
178
238
203
187
46
236
187
178
238
132
230
19
152
78
97
57
132
230
19
152
78
97
57
62
232
251
163
238
143
186
62
232
251
163
238
143
186
217
163
102
141
154
54
104
217
163
102
141
154
54
104
244
223
211
127
77
253
55
244
223
211
127
77
253
55
157
38
116
153
210
103
73
157
38
116
153
210
103
73
54
172
218
179
106
205
171
54
172
218
179
106
205
171
102
1
152
6
96
25
128
102
1
152
6
96
25
128
36
48
144
194
67
9
12
36
48
144
194
67
9
12
66
181
10
212
43
80
173
66
181
10
212
43
80
173
234
163
170
142
170
58
168
234
163
170
142
170
58
168
197
207
23
60
92
241
115
197
207
23
60
92
241
115
37
188
150
242
91
201
111
37
188
150
242
91
201
111
189
178
246
203
219
47
108
189
178
246
203
219
47
108
132
230
19
152
78
97
57
132
230
19
152
78
97
57
177
214
199
91
29
108
117
177
214
199
91
29
108
117
195
255
15
252
63
240
255
195
255
15
252
63
240
255
212
207
83
61
76
245
51
212
207
83
61
76
245
51
157
38
116
153
210
103
73
157
38
116
153
210
103
73
230
199
155
30
108
121
177
230
199
155
30
108
121
177
40
208
163
66
141
10
52
40
208
163
66
141
10
52
239
139
190
46
248
187
226
239
139
190
46
248
187
226
66
181
10
212
43
80
173
66
181
10
212
43
80
173
182
238
219
187
110
237
187
182
238
219
187
110
237
187
74
117
41
212
167
82
157
74
117
41
212
167
82
157
209
99
69
141
22
52
88
209
99
69
141
22
52
88
189
178
246
203
219
47
108
189
178
246
203
219
47
108
196
67
17
12
68
49
16
196
67
17
12
68
49
16
60
124
241
243
199
207
31
60
124
241
243
199
207
31
231
207
159
62
124
249
243
231
207
159
62
124
249
243
212
207
83
61
76
245
51
212
207
83
61
76
245
51
87
149
94
85
121
85
229
87
149
94
85
121
85
229
28
108
113
177
198
199
27
28
108
113
177
198
199
27
13
108
53
176
214
195
91
13
108
53
176
214
195
91
239
139
190
46
248
187
226
239
139
190
46
248
187
226
13
232
55
160
222
131
122
13
232
55
160
222
131
122
215
215
95
93
125
117
245
215
215
95
93
125
117
245
137
138
38
40
152
162
98
137
138
38
40
152
162
98
209
99
69
141
22
52
88
209
99
69
141
22
52
88
212
75
81
45
68
181
18
212
75
81
45
68
181
18
35
8
140
34
48
136
194
35
8
140
34
48
136
194
20
172
82
177
74
197
43
20
172
82
177
74
197
43
231
207
159
62
124
249
243
231
207
159
62
124
249
243
178
74
201
43
36
172
146
178
74
201
43
36
172
146
7
56
28
224
115
129
206
7
56
28
224
115
129
206
86
25
88
101
97
149
134
86
25
88
101
97
149
134
13
108
53
176
214
195
91
13
108
53
176
214
195
91
119
133
222
23
120
93
225
119
133
222
23
120
93
225
34
132
138
18
40
72
161
34
132
138
18
40
72
161
235
171
174
174
186
186
234
235
171
174
174
186
186
234
137
138
38
40
152
162
98
137
138
38
40
152
162
98
198
83
25
76
101
49
148
198
83
25
76
101
49
148
225
123
133
238
23
184
94
225
123
133
238
23
184
94
63
100
253
147
246
79
217
63
100
253
147
246
79
217
20
172
82
177
74
197
43
20
172
82
177
74
197
43
32
148
130
82
9
72
37
32
148
130
82
9
72
37
201
171
38
172
154
178
106
201
171
38
172
154
178
106
208
239
67
189
14
244
59
208
239
67
189
14
244
59
86
25
88
101
97
149
134
86
25
88
101
97
149
134
150
122
89
233
103
165
158
150
122
89
233
103
165
158
131
222
15
120
61
224
247
131
222
15
120
61
224
247
1
140
6
48
24
192
99
1
140
6
48
24
192
99
235
171
174
174
186
186
234
235
171
174
174
186
186
234
82
57
72
229
35
148
142
82
57
72
229
35
148
142
191
162
254
139
250
47
232
191
162
254
139
250
47
232
230
67
153
14
100
57
144
230
67
153
14
100
57
144
63
100
253
147
246
79
217
63
100
253
147
246
79
217
5
172
22
176
90
193
107
5
172
22
176
90
193
107
163
206
143
58
60
232
243
163
206
143
58
60
232
243
235
47
172
190
178
250
203
235
47
172
190
178
250
203
208
239
67
189
14
244
59
208
239
67
189
14
244
59
8
68
33
16
132
66
17
8
68
33
16
132
66
17
116
25
208
103
65
157
6
116
25
208
103
65
157
6
98
165
138
150
42
88
169
98
165
138
150
42
88
169
1
140
6
48
24
192
99
1
140
6
48
24
192
99
220
15
112
61
192
247
3
220
15
112
61
192
247
3
87
17
92
69
113
21
196
87
17
92
69
113
21
196
118
9
216
39
96
157
130
118
9
216
39
96
157
130
230
67
153
14
100
57
144
230
67
153
14
100
57
144
110
69
185
22
228
91
145
110
69
185
22
228
91
145
80
41
64
165
2
148
10
80
41
64
165
2
148
10
32
16
128
66
1
8
4
32
16
128
66
1
8
4
235
47
172
190
178
250
203
235
47
172
190
178
250
203
25
192
103
1
156
6
112
25
192
103
1
156
6
112
114
173
202
183
42
220
171
114
173
202
183
42
220
171
203
187
46
236
187
178
238
203
187
46
236
187
178
238
98
165
138
150
42
88
169
98
165
138
150
42
88
169
223
147
126
77
249
55
228
223
147
126
77
249
55
228
147
214
79
89
61
100
245
147
214
79
89
61
100
245
244
223
211
127
77
253
55
244
223
211
127
77
253
55
118
9
216
39
96
157
130
118
9
216
39
96
157
130
255
7
252
31
240
127
193
255
7
252
31
240
127
193
90
125
105
245
167
214
159
90
125
105
245
167
214
159
36
48
144
194
67
9
12
36
48
144
194
67
9
12
32
16
128
66
1
8
4
32
16
128
66
1
8
4
105
125
165
246
151
218
95
105
125
165
246
151
218
95
217
163
102
141
154
54
104
217
163
102
141
154
54
104
37
188
150
242
91
201
111
37
188
150
242
91
201
111
203
187
46
236
187
178
238
203
187
46
236
187
178
238
59
68
237
19
180
78
209
59
68
237
19
180
78
209
102
1
152
6
96
25
128
102
1
152
6
96
25
128
195
255
15
252
63
240
255
195
255
15
252
63
240
255
244
223
211
127
77
253
55
244
223
211
127
77
253
55
62
232
251
163
238
143
186
62
232
251
163
238
143
186
197
207
23
60
92
241
115
197
207
23
60
92
241
115
40
208
163
66
141
10
52
40
208
163
66
141
10
52
36
48
144
194
67
9
12
36
48
144
194
67
9
12
54
172
218
179
106
205
171
54
172
218
179
106
205
171
177
214
199
91
29
108
117
177
214
199
91
29
108
117
74
117
41
212
167
82
157
74
117
41
212
167
82
157
37
188
150
242
91
201
111
37
188
150
242
91
201
111
234
163
170
142
170
58
168
234
163
170
142
170
58
168
230
199
155
30
108
121
177
230
199
155
30
108
121
177
60
124
241
243
199
207
31
60
124
241
243
199
207
31
195
255
15
252
63
240
255
195
255
15
252
63
240
255
132
230
19
152
78
97
57
132
230
19
152
78
97
57
182
238
219
187
110
237
187
182
238
219
187
110
237
187
28
108
113
177
198
199
27
28
108
113
177
198
199
27
40
208
163
66
141
10
52
40
208
163
66
141
10
52
157
38
116
153
210
103
73
157
38
116
153
210
103
73
196
67
17
12
68
49
16
196
67
17
12
68
49
16
215
215
95
93
125
117
245
215
215
95
93
125
117
245
74
117
41
212
167
82
157
74
117
41
212
167
82
157
66
181
10
212
43
80
173
66
181
10
212
43
80
173
87
149
94
85
121
85
229
87
149
94
85
121
85
229
35
8
140
34
48
136
194
35
8
140
34
48
136
194
60
124
241
243
199
207
31
60
124
241
243
199
207
31
189
178
246
203
219
47
108
189
178
246
203
219
47
108
13
232
55
160
222
131
122
13
232
55
160
222
131
122
7
56
28
224
115
129
206
7
56
28
224
115
129
206
28
108
113
177
198
199
27
28
108
113
177
198
199
27
212
207
83
61
76
245
51
212
207
83
61
76
245
51
212
75
81
45
68
181
18
212
75
81
45
68
181
18
34
132
138
18
40
72
161
34
132
138
18
40
72
161
215
215
95
93
125
117
245
215
215
95
93
125
117
245
239
139
190
46
248
187
226
239
139
190
46
248
187
226
178
74
201
43
36
172
146
178
74
201
43
36
172
146
225
123
133
238
23
184
94
225
123
133
238
23
184
94
35
8
140
34
48
136
194
35
8
140
34
48
136
194
209
99
69
141
22
52
88
209
99
69
141
22
52
88
119
133
222
23
120
93
225
119
133
222
23
120
93
225
201
171
38
172
154
178
106
201
171
38
172
154
178
106
7
56
28
224
115
129
206
7
56
28
224
115
129
206
231
207
159
62
124
249
243
231
207
159
62
124
249
243
198
83
25
76
101
49
148
198
83
25
76
101
49
148
131
222
15
120
61
224
247
131
222
15
120
61
224
247
34
132
138
18
40
72
161
34
132
138
18
40
72
161
13
108
53
176
214
195
91
13
108
53
176
214
195
91
32
148
130
82
9
72
37
32
148
130
82
9
72
37
191
162
254
139
250
47
232
191
162
254
139
250
47
232
225
123
133
238
23
184
94
225
123
133
238
23
184
94
137
138
38
40
152
162
98
137
138
38
40
152
162
98
150
122
89
233
103
165
158
150
122
89
233
103
165
158
163
206
143
58
60
232
243
163
206
143
58
60
232
243
201
171
38
172
154
178
106
201
171
38
172
154
178
106
20
172
82
177
74
197
43
20
172
82
177
74
197
43
82
57
72
229
35
148
142
82
57
72
229
35
148
142
116
25
208
103
65
157
6
116
25
208
103
65
157
6
131
222
15
120
61
224
247
131
222
15
120
61
224
247
86
25
88
101
97
149
134
86
25
88
101
97
149
134
5
172
22
176
90
193
107
5
172
22
176
90
193
107
87
17
92
69
113
21
196
87
17
92
69
113
21
196
191
162
254
139
250
47
232
191
162
254
139
250
47
232
235
171
174
174
186
186
234
235
171
174
174
186
186
234
8
68
33
16
132
66
17
8
68
33
16
132
66
17
80
41
64
165
2
148
10
80
41
64
165
2
148
10
163
206
143
58
60
232
243
163
206
143
58
60
232
243
63
100
253
147
246
79
217
63
100
253
147
246
79
217
220
15
112
61
192
247
3
220
15
112
61
192
247
3
114
173
202
183
42
220
171
114
173
202
183
42
220
171
116
25
208
103
65
157
6
116
25
208
103
65
157
6
208
239
67
189
14
244
59
208
239
67
189
14
244
59
110
69
185
22
228
91
145
110
69
185
22
228
91
145
147
214
79
89
61
100
245
147
214
79
89
61
100
245
87
17
92
69
113
21
196
87
17
92
69
113
21
196
1
140
6
48
24
192
99
1
140
6
48
24
192
99
25
192
103
1
156
6
112
25
192
103
1
156
6
112
90
125
105
245
167
214
159
90
125
105
245
167
214
159
80
41
64
165
2
148
10
80
41
64
165
2
148
10
230
67
153
14
100
57
144
230
67
153
14
100
57
144
223
147
126
77
249
55
228
223
147
126
77
249
55
228
217
163
102
141
154
54
104
217
163
102
141
154
54
104
114
173
202
183
42
220
171
114
173
202
183
42
220
171
235
47
172
190
178
250
203
235
47
172
190
178
250
203
255
7
252
31
240
127
193
255
7
252
31
240
127
193
102
1
152
6
96
25
128
102
1
152
6
96
25
128
147
214
79
89
61
100
245
147
214
79
89
61
100
245
98
165
138
150
42
88
169
98
165
138
150
42
88
169
105
125
165
246
151
218
95
105
125
165
246
151
218
95
197
207
23
60
92
241
115
197
207
23
60
92
241
115
90
125
105
245
167
214
159
90
125
105
245
167
214
159
118
9
216
39
96
157
130
118
9
216
39
96
157
130
59
68
237
19
180
78
209
59
68
237
19
180
78
209
177
214
199
91
29
108
117
177
214
199
91
29
108
117
217
163
102
141
154
54
104
217
163
102
141
154
54
104
32
16
128
66
1
8
4
32
16
128
66
1
8
4
62
232
251
163
238
143
186
62
232
251
163
238
143
186
230
199
155
30
108
121
177
230
199
155
30
108
121
177
102
1
152
6
96
25
128
102
1
152
6
96
25
128
203
187
46
236
187
178
238
203
187
46
236
187
178
238
54
172
218
179
106
205
171
54
172
218
179
106
205
171
182
238
219
187
110
237
187
182
238
219
187
110
237
187
197
207
23
60
92
241
115
197
207
23
60
92
241
115
244
223
211
127
77
253
55
244
223
211
127
77
253
55
234
163
170
142
170
58
168
234
163
170
142
170
58
168
196
67
17
12
68
49
16
196
67
17
12
68
49
16
177
214
199
91
29
108
117
177
214
199
91
29
108
117
36
48
144
194
67
9
12
36
48
144
194
67
9
12
132
230
19
152
78
97
57
132
230
19
152
78
97
57
87
149
94
85
121
85
229
87
149
94
85
121
85
229
230
199
155
30
108
121
177
230
199
155
30
108
121
177
37
188
150
242
91
201
111
37
188
150
242
91
201
111
157
38
116
153
210
103
73
157
38
116
153
210
103
73
13
232
55
160
222
131
122
13
232
55
160
222
131
122
182
238
219
187
110
237
187
182
238
219
187
110
237
187
195
255
15
252
63
240
255
195
255
15
252
63
240
255
66
181
10
212
43
80
173
66
181
10
212
43
80
173
212
75
81
45
68
181
18
212
75
81
45
68
181
18
196
67
17
12
68
49
16
196
67
17
12
68
49
16
40
208
163
66
141
10
52
40
208
163
66
141
10
52
189
178
246
203
219
47
108
189
178
246
203
219
47
108
178
74
201
43
36
172
146
178
74
201
43
36
172
146
87
149
94
85
121
85
229
87
149
94
85
121
85
229
74
117
41
212
167
82
157
74
117
41
212
167
82
157
212
207
83
61
76
245
51
212
207
83
61
76
245
51
119
133
222
23
120
93
225
119
133
222
23
120
93
225
13
232
55
160
222
131
122
13
232
55
160
222
131
122
60
124
241
243
199
207
31
60
124
241
243
199
207
31
239
139
190
46
248
187
226
239
139
190
46
248
187
226
198
83
25
76
101
49
148
198
83
25
76
101
49
148
212
75
81
45
68
181
18
212
75
81
45
68
181
18
28
108
113
177
198
199
27
28
108
113
177
198
199
27
209
99
69
141
22
52
88
209
99
69
141
22
52
88
32
148
130
82
9
72
37
32
148
130
82
9
72
37
178
74
201
43
36
172
146
178
74
201
43
36
172
146
215
215
95
93
125
117
245
215
215
95
93
125
117
245
231
207
159
62
124
249
243
231
207
159
62
124
249
243
150
122
89
233
103
165
158
150
122
89
233
103
165
158
119
133
222
23
120
93
225
119
133
222
23
120
93
225
35
8
140
34
48
136
194
35
8
140
34
48
136
194
13
108
53
176
214
195
91
13
108
53
176
214
195
91
82
57
72
229
35
148
142
82
57
72
229
35
148
142
198
83
25
76
101
49
148
198
83
25
76
101
49
148
7
56
28
224
115
129
206
7
56
28
224
115
129
206
137
138
38
40
152
162
98
137
138
38
40
152
162
98
5
172
22
176
90
193
107
5
172
22
176
90
193
107
32
148
130
82
9
72
37
32
148
130
82
9
72
37
34
132
138
18
40
72
161
34
132
138
18
40
72
161
20
172
82
177
74
197
43
20
172
82
177
74
197
43
8
68
33
16
132
66
17
8
68
33
16
132
66
17
150
122
89
233
103
165
158
150
122
89
233
103
165
158
225
123
133
238
23
184
94
225
123
133
238
23
184
94
86
25
88
101
97
149
134
86
25
88
101
97
149
134
220
15
112
61
192
247
3
220
15
112
61
192
247
3
82
57
72
229
35
148
142
82
57
72
229
35
148
142
201
171
38
172
154
178
106
201
171
38
172
154
178
106
235
171
174
174
186
186
234
235
171
174
174
186
186
234
110
69
185
22
228
91
145
110
69
185
22
228
91
145
5
172
22
176
90
193
107
5
172
22
176
90
193
107
131
222
15
120
61
224
247
131
222
15
120
61
224
247
63
100
253
147
246
79
217
63
100
253
147
246
79
217
25
192
103
1
156
6
112
25
192
103
1
156
6
112
8
68
33
16
132
66
17
8
68
33
16
132
66
17
191
162
254
139
250
47
232
191
162
254
139
250
47
232
208
239
67
189
14
244
59
208
239
67
189
14
244
59
223
147
126
77
249
55
228
223
147
126
77
249
55
228
220
15
112
61
192
247
3
220
15
112
61
192
247
3
163
206
143
58
60
232
243
163
206
143
58
60
232
243
1
140
6
48
24
192
99
1
140
6
48
24
192
99
255
7
252
31
240
127
193
255
7
252
31
240
127
193
110
69
185
22
228
91
145
110
69
185
22
228
91
145
116
25
208
103
65
157
6
116
25
208
103
65
157
6
230
67
153
14
100
57
144
230
67
153
14
100
57
144
105
125
165
246
151
218
95
105
125
165
246
151
218
95
25
192
103
1
156
6
112
25
192
103
1
156
6
112
87
17
92
69
113
21
196
87
17
92
69
113
21
196
235
47
172
190
178
250
203
235
47
172
190
178
250
203
59
68
237
19
180
78
209
59
68
237
19
180
78
209
223
147
126
77
249
55
228
223
147
126
77
249
55
228
80
41
64
165
2
148
10
80
41
64
165
2
148
10
98
165
138
150
42
88
169
98
165
138
150
42
88
169
62
232
251
163
238
143
186
62
232
251
163
238
143
186
255
7
252
31
240
127
193
255
7
252
31
240
127
193
114
173
202
183
42
220
171
114
173
202
183
42
220
171
118
9
216
39
96
157
130
118
9
216
39
96
157
130
54
172
218
179
106
205
171
54
172
218
179
106
205
171
105
125
165
246
151
218
95
105
125
165
246
151
218
95
147
214
79
89
61
100
245
147
214
79
89
61
100
245
32
16
128
66
1
8
4
32
16
128
66
1
8
4
234
163
170
142
170
58
168
234
163
170
142
170
58
168
59
68
237
19
180
78
209
59
68
237
19
180
78
209
90
125
105
245
167
214
159
90
125
105
245
167
214
159
203
187
46
236
187
178
238
203
187
46
236
187
178
238
132
230
19
152
78
97
57
132
230
19
152
78
97
57
62
232
251
163
238
143
186
62
232
251
163
238
143
186
217
163
102
141
154
54
104
217
163
102
141
154
54
104
244
223
211
127
77
253
55
244
223
211
127
77
253
55
157
38
116
153
210
103
73
157
38
116
153
210
103
73
54
172
218
179
106
205
171
54
172
218
179
106
205
171
102
1
152
6
96
25
128
102
1
152
6
96
25
128
36
48
144
194
67
9
12
36
48
144
194
67
9
12
66
181
10
212
43
80
173
66
181
10
212
43
80
173
234
163
170
142
170
58
168
234
163
170
142
170
58
168
197
207
23
60
92
241
115
197
207
23
60
92
241
115
37
188
150
242
91
201
111
37
188
150
242
91
201
111
189
178
246
203
219
47
108
189
178
246
203
219
47
108
132
230
19
152
78
97
57
132
230
19
152
78
97
57
177
214
199
91
29
108
117
177
214
199
91
29
108
117
195
255
15
252
63
240
255
195
255
15
252
63
240
255
212
207
83
61
76
245
51
212
207
83
61
76
245
51
157
38
116
153
210
103
73
157
38
116
153
210
103
73
230
199
155
30
108
121
177
230
199
155
30
108
121
177
40
208
163
66
141
10
52
40
208
163
66
141
10
52
239
139
190
46
248
187
226
239
139
190
46
248
187
226
66
181
10
212
43
80
173
66
181
10
212
43
80
173
182
238
219
187
110
237
187
182
238
219
187
110
237
187
74
117
41
212
167
82
157
74
117
41
212
167
82
157
209
99
69
141
22
52
88
209
99
69
141
22
52
88
189
178
246
203
219
47
108
189
178
246
203
219
47
108
196
67
17
12
68
49
16
196
67
17
12
68
49
16
60
124
241
243
199
207
31
60
124
241
243
199
207
31
231
207
159
62
124
249
243
231
207
159
62
124
249
243
212
207
83
61
76
245
51
212
207
83
61
76
245
51
87
149
94
85
121
85
229
87
149
94
85
121
85
229
28
108
113
177
198
199
27
28
108
113
177
198
199
27
13
108
53
176
214
195
91
13
108
53
176
214
195
91
239
139
190
46
248
187
226
239
139
190
46
248
187
226
13
232
55
160
222
131
122
13
232
55
160
222
131
122
215
215
95
93
125
117
245
215
215
95
93
125
117
245
137
138
38
40
152
162
98
137
138
38
40
152
162
98
209
99
69
141
22
52
88
209
99
69
141
22
52
88
212
75
81
45
68
181
18
212
75
81
45
68
181
18
35
8
140
34
48
136
194
35
8
140
34
48
136
194
20
172
82
177
74
197
43
20
172
82
177
74
197
43
231
207
159
62
124
249
243
231
207
159
62
124
249
243
178
74
201
43
36
172
146
178
74
201
43
36
172
146
7
56
28
224
115
129
206
7
56
28
224
115
129
206
86
25
88
101
97
149
134
86
25
88
101
97
149
134
13
108
53
176
214
195
91
13
108
53
176
214
195
91
119
133
222
23
120
93
225
119
133
222
23
120
93
225
34
132
138
18
40
72
161
34
132
138
18
40
72
161
235
171
174
174
186
186
234
235
171
174
174
186
186
234
137
138
38
40
152
162
98
137
138
38
40
152
162
98
198
83
25
76
101
49
148
198
83
25
76
101
49
148
225
123
133
238
23
184
94
225
123
133
238
23
184
94
63
100
253
147
246
79
217
63
100
253
147
246
79
217
20
172
82
177
74
197
43
20
172
82
177
74
197
43
32
148
130
82
9
72
37
32
148
130
82
9
72
37
201
171
38
172
154
178
106
201
171
38
172
154
178
106
208
239
67
189
14
244
59
208
239
67
189
14
244
59
86
25
88
101
97
149
134
86
25
88
101
97
149
134
150
122
89
233
103
165
158
150
122
89
233
103
165
158
131
222
15
120
61
224
247
131
222
15
120
61
224
247
1
140
6
48
24
192
99
1
140
6
48
24
192
99
235
171
174
174
186
186
234
235
171
174
174
186
186
234
82
57
72
229
35
148
142
82
57
72
229
35
148
142
191
162
254
139
250
47
232
191
162
254
139
250
47
232
230
67
153
14
100
57
144
230
67
153
14
100
57
144
63
100
253
147
246
79
217
63
100
253
147
246
79
217
5
172
22
176
90
193
107
5
172
22
176
90
193
107
163
206
143
58
60
232
243
163
206
143
58
60
232
243
235
47
172
190
178
250
203
235
47
172
190
178
250
203
208
239
67
189
14
244
59
208
239
67
189
14
244
59
8
68
33
16
132
66
17
8
68
33
16
132
66
17
116
25
208
103
65
157
6
116
25
208
103
65
157
6
98
165
138
150
42
88
169
98
165
138
150
42
88
169
1
140
6
48
24
192
99
1
140
6
48
24
192
99
220
15
112
61
192
247
3
220
15
112
61
192
247
3
87
17
92
69
113
21
196
87
17
92
69
113
21
196
118
9
216
39
96
157
130
118
9
216
39
96
157
130
230
67
153
14
100
57
144
230
67
153
14
100
57
144
110
69
185
22
228
91
145
110
69
185
22
228
91
145
80
41
64
165
2
148
10
80
41
64
165
2
148
10
32
16
128
66
1
8
4
32
16
128
66
1
8
4
235
47
172
190
178
250
203
235
47
172
190
178
250
203
25
192
103
1
156
6
112
25
192
103
1
156
6
112
114
173
202
183
42
220
171
114
173
202
183
42
220
171
203
187
46
236
187
178
238
203
187
46
236
187
178
238
98
165
138
150
42
88
169
98
165
138
150
42
88
169
223
147
126
77
249
55
228
223
147
126
77
249
55
228
147
214
79
89
61
100
245
147
214
79
89
61
100
245
244
223
211
127
77
253
55
244
223
211
127
77
253
55
118
9
216
39
96
157
130
118
9
216
39
96
157
130
255
7
252
31
240
127
193
255
7
252
31
240
127
193
90
125
105
245
167
214
159
90
125
105
245
167
214
159
36
48
144
194
67
9
12
36
48
144
194
67
9
12
32
16
128
66
1
8
4
32
16
128
66
1
8
4
105
125
165
246
151
218
95
105
125
165
246
151
218
95
217
163
102
141
154
54
104
217
163
102
141
154
54
104
37
188
150
242
91
201
111
37
188
150
242
91
201
111
203
187
46
236
187
178
238
203
187
46
236
187
178
238
59
68
237
19
180
78
209
59
68
237
19
180
78
209
102
1
152
6
96
25
128
102
1
152
6
96
25
128
195
255
15
252
63
240
255
195
255
15
252
63
240
255
244
223
211
127
77
253
55
244
223
211
127
77
253
55
62
232
251
163
238
143
186
62
232
251
163
238
143
186
197
207
23
60
92
241
115
197
207
23
60
92
241
115
40
208
163
66
141
10
52
40
208
163
66
141
10
52
36
48
144
194
67
9
12
36
48
144
194
67
9
12
54
172
218
179
106
205
171
54
172
218
179
106
205
171
177
214
199
91
29
108
117
177
214
199
91
29
108
117
74
117
41
212
167
82
157
74
117
41
212
167
82
157
37
188
150
242
91
201
111
37
188
150
242
91
201
111
234
163
170
142
170
58
168
234
163
170
142
170
58
168
230
199
155
30
108
121
177
230
199
155
30
108
121
177
60
124
241
243
199
207
31
60
124
241
243
199
207
31
195
255
15
252
63
240
255
195
255
15
252
63
240
255
132
230
19
152
78
97
57
132
230
19
152
78
97
57
182
238
219
187
110
237
187
182
238
219
187
110
237
187
28
108
113
177
198
199
27
28
108
113
177
198
199
27
40
208
163
66
141
10
52
40
208
163
66
141
10
52
157
38
116
153
210
103
73
157
38
116
153
210
103
73
196
67
17
12
68
49
16
196
67
17
12
68
49
16
215
215
95
93
125
117
245
215
215
95
93
125
117
245
74
117
41
212
167
82
157
74
117
41
212
167
82
157
66
181
10
212
43
80
173
66
181
10
212
43
80
173
87
149
94
85
121
85
229
87
149
94
85
121
85
229
35
8
140
34
48
136
194
35
8
140
34
48
136
194
60
124
241
243
199
207
31
60
124
241
243
199
207
31
189
178
246
203
219
47
108
189
178
246
203
219
47
108
13
232
55
160
222
131
122
13
232
55
160
222
131
122
7
56
28
224
115
129
206
7
56
28
224
115
129
206
28
108
113
177
198
199
27
28
108
113
177
198
199
27
212
207
83
61
76
245
51
212
207
83
61
76
245
51
212
75
81
45
68
181
18
212
75
81
45
68
181
18
34
132
138
18
40
72
161
34
132
138
18
40
72
161
215
215
95
93
125
117
245
215
215
95
93
125
117
245
239
139
190
46
248
187
226
239
139
190
46
248
187
226
178
74
201
43
36
172
146
178
74
201
43
36
172
146
225
123
133
238
23
184
94
225
123
133
238
23
184
94
35
8
140
34
48
136
194
35
8
140
34
48
136
194
209
99
69
141
22
52
88
209
99
69
141
22
52
88
119
133
222
23
120
93
225
119
133
222
23
120
93
225
201
171
38
172
154
178
106
201
171
38
172
154
178
106
7
56
28
224
115
129
206
7
56
28
224
115
129
206
231
207
159
62
124
249
243
231
207
159
62
124
249
243
198
83
25
76
101
49
148
198
83
25
76
101
49
148
131
222
15
120
61
224
247
131
222
15
120
61
224
247
34
132
138
18
40
72
161
34
132
138
18
40
72
161
13
108
53
176
214
195
91
13
108
53
176
214
195
91
32
148
130
82
9
72
37
32
148
130
82
9
72
37
191
162
254
139
250
47
232
191
162
254
139
250
47
232
225
123
133
238
23
184
94
225
123
133
238
23
184
94
137
138
38
40
152
162
98
137
138
38
40
152
162
98
150
122
89
233
103
165
158
150
122
89
233
103
165
158
163
206
143
58
60
232
243
163
206
143
58
60
232
243
201
171
38
172
154
178
106
201
171
38
172
154
178
106
20
172
82
177
74
197
43
20
172
82
177
74
197
43
82
57
72
229
35
148
142
82
57
72
229
35
148
142
116
25
208
103
65
157
6
116
25
208
103
65
157
6
131
222
15
120
61
224
247
131
222
15
120
61
224
247
86
25
88
101
97
149
134
86
25
88
101
97
149
134
5
172
22
176
90
193
107
5
172
22
176
90
193
107
87
17
92
69
113
21
196
87
17
92
69
113
21
196
191
162
254
139
250
47
232
191
162
254
139
250
47
232
235
171
174
174
186
186
234
235
171
174
174
186
186
234
8
68
33
16
132
66
17
8
68
33
16
132
66
17
80
41
64
165
2
148
10
80
41
64
165
2
148
10
163
206
143
58
60
232
243
163
206
143
58
60
232
243
63
100
253
147
246
79
217
63
100
253
147
246
79
217
220
15
112
61
192
247
3
220
15
112
61
192
247
3
114
173
202
183
42
220
171
114
173
202
183
42
220
171
116
25
208
103
65
157
6
116
25
208
103
65
157
6
208
239
67
189
14
244
59
208
239
67
189
14
244
59
110
69
185
22
228
91
145
110
69
185
22
228
91
145
147
214
79
89
61
100
245
147
214
79
89
61
100
245
87
17
92
69
113
21
196
87
17
92
69
113
21
196
1
140
6
48
24
192
99
1
140
6
48
24
192
99
25
192
103
1
156
6
112
25
192
103
1
156
6
112
90
125
105
245
167
214
159
90
125
105
245
167
214
159
80
41
64
165
2
148
10
80
41
64
165
2
148
10
230
67
153
14
100
57
144
230
67
153
14
100
57
144
223
147
126
77
249
55
228
223
147
126
77
249
55
228
217
163
102
141
154
54
104
217
163
102
141
154
54
104
114
173
202
183
42
220
171
114
173
202
183
42
220
171
235
47
172
190
178
250
203
235
47
172
190
178
250
203
255
7
252
31
240
127
193
255
7
252
31
240
127
193
102
1
152
6
96
25
128
102
1
152
6
96
25
128
147
214
79
89
61
100
245
147
214
79
89
61
100
245
98
165
138
150
42
88
169
98
165
138
150
42
88
169
105
125
165
246
151
218
95
105
125
165
246
151
218
95
197
207
23
60
92
241
115
197
207
23
60
92
241
115
90
125
105
245
167
214
159
90
125
105
245
167
214
159
118
9
216
39
96
157
130
118
9
216
39
96
157
130
59
68
237
19
180
78
209
59
68
237
19
180
78
209
177
214
199
91
29
108
117
177
214
199
91
29
108
117
217
163
102
141
154
54
104
217
163
102
141
154
54
104
32
16
128
66
1
8
4
32
16
128
66
1
8
4
62
232
251
163
238
143
186
62
232
251
163
238
143
186
230
199
155
30
108
121
177
230
199
155
30
108
121
177
102
1
152
6
96
25
128
102
1
152
6
96
25
128
203
187
46
236
187
178
238
203
187
46
236
187
178
238
54
172
218
179
106
205
171
54
172
218
179
106
205
171
182
238
219
187
110
237
187
182
238
219
187
110
237
187
197
207
23
60
92
241
115
197
207
23
60
92
241
115
244
223
211
127
77
253
55
244
223
211
127
77
253
55
234
163
170
142
170
58
168
234
163
170
142
170
58
168
196
67
17
12
68
49
16
196
67
17
12
68
49
16
177
214
199
91
29
108
117
177
214
199
91
29
108
117
36
48
144
194
67
9
12
36
48
144
194
67
9
12
132
230
19
152
78
97
57
132
230
19
152
78
97
57
87
149
94
85
121
85
229
87
149
94
85
121
85
229
230
199
155
30
108
121
177
230
199
155
30
108
121
177
37
188
150
242
91
201
111
37
188
150
242
91
201
111
157
38
116
153
210
103
73
157
38
116
153
210
103
73
13
232
55
160
222
131
122
13
232
55
160
222
131
122
182
238
219
187
110
237
187
182
238
219
187
110
237
187
195
255
15
252
63
240
255
195
255
15
252
63
240
255
66
181
10
212
43
80
173
66
181
10
212
43
80
173
212
75
81
45
68
181
18
212
75
81
45
68
181
18
196
67
17
12
68
49
16
196
67
17
12
68
49
16
40
208
163
66
141
10
52
40
208
163
66
141
10
52
189
178
246
203
219
47
108
189
178
246
203
219
47
108
178
74
201
43
36
172
146
178
74
201
43
36
172
146
87
149
94
85
121
85
229
87
149
94
85
121
85
229
74
117
41
212
167
82
157
74
117
41
212
167
82
157
212
207
83
61
76
245
51
212
207
83
61
76
245
51
119
133
222
23
120
93
225
119
133
222
23
120
93
225
13
232
55
160
222
131
122
13
232
55
160
222
131
122
60
124
241
243
199
207
31
60
124
241
243
199
207
31
239
139
190
46
248
187
226
239
139
190
46
248
187
226
198
83
25
76
101
49
148
198
83
25
76
101
49
148
212
75
81
45
68
181
18
212
75
81
45
68
181
18
28
108
113
177
198
199
27
28
108
113
177
198
199
27
209
99
69
141
22
52
88
209
99
69
141
22
52
88
32
148
130
82
9
72
37
32
148
130
82
9
72
37
178
74
201
43
36
172
146
178
74
201
43
36
172
146
215
215
95
93
125
117
245
215
215
95
93
125
117
245
231
207
159
62
124
249
243
231
207
159
62
124
249
243
150
122
89
233
103
165
158
150
122
89
233
103
165
158
119
133
222
23
120
93
225
119
133
222
23
120
93
225
35
8
140
34
48
136
194
35
8
140
34
48
136
194
13
108
53
176
214
195
91
13
108
53
176
214
195
91
82
57
72
229
35
148
142
82
57
72
229
35
148
142
198
83
25
76
101
49
148
198
83
25
76
101
49
148
7
56
28
224
115
129
206
7
56
28
224
115
129
206
137
138
38
40
152
162
98
137
138
38
40
152
162
98
5
172
22
176
90
193
107
5
172
22
176
90
193
107
32
148
130
82
9
72
37
32
148
130
82
9
72
37
34
132
138
18
40
72
161
34
132
138
18
40
72
161
20
172
82
177
74
197
43
20
172
82
177
74
197
43
8
68
33
16
132
66
17
8
68
33
16
132
66
17
150
122
89
233
103
165
158
150
122
89
233
103
165
158
225
123
133
238
23
184
94
225
123
133
238
23
184
94
86
25
88
101
97
149
134
86
25
88
101
97
149
134
220
15
112
61
192
247
3
220
15
112
61
192
247
3
82
57
72
229
35
148
142
82
57
72
229
35
148
142
201
171
38
172
154
178
106
201
171
38
172
154
178
106
235
171
174
174
186
186
234
235
171
174
174
186
186
234
110
69
185
22
228
91
145
110
69
185
22
228
91
145
5
172
22
176
90
193
107
5
172
22
176
90
193
107
131
222
15
120
61
224
247
131
222
15
120
61
224
247
63
100
253
147
246
79
217
63
100
253
147
246
79
217
25
192
103
1
156
6
112
25
192
103
1
156
6
112
8
68
33
16
132
66
17
8
68
33
16
132
66
17
191
162
254
139
250
47
232
191
162
254
139
250
47
232
208
239
67
189
14
244
59
208
239
67
189
14
244
59
223
147
126
77
249
55
228
223
147
126
77
249
55
228
220
15
112
61
192
247
3
220
15
112
61
192
247
3
163
206
143
58
60
232
243
163
206
143
58
60
232
243
1
140
6
48
24
192
99
1
140
6
48
24
192
99
255
7
252
31
240
127
193
255
7
252
31
240
127
193
110
69
185
22
228
91
145
110
69
185
22
228
91
145
116
25
208
103
65
157
6
116
25
208
103
65
157
6
230
67
153
14
100
57
144
230
67
153
14
100
57
144
105
125
165
246
151
218
95
105
125
165
246
151
218
95
25
192
103
1
156
6
112
25
192
103
1
156
6
112
87
17
92
69
113
21
196
87
17
92
69
113
21
196
235
47
172
190
178
250
203
235
47
172
190
178
250
203
59
68
237
19
180
78
209
59
68
237
19
180
78
209
223
147
126
77
249
55
228
223
147
126
77
249
55
228
80
41
64
165
2
148
10
80
41
64
165
2
148
10
98
165
138
150
42
88
169
98
165
138
150
42
88
169
62
232
251
163
238
143
186
62
232
251
163
238
143
186
255
7
252
31
240
127
193
255
7
252
31
240
127
193
114
173
202
183
42
220
171
114
173
202
183
42
220
171
118
9
216
39
96
157
130
118
9
216
39
96
157
130
54
172
218
179
106
205
171
54
172
218
179
106
205
171
105
125
165
246
151
218
95
105
125
165
246
151
218
95
147
214
79
89
61
100
245
147
214
79
89
61
100
245
32
16
128
66
1
8
4
32
16
128
66
1
8
4
234
163
170
142
170
58
168
234
163
170
142
170
58
168
59
68
237
19
180
78
209
59
68
237
19
180
78
209
90
125
105
245
167
214
159
90
125
105
245
167
214
159
203
187
46
236
187
178
238
203
187
46
236
187
178
238
132
230
19
152
78
97
57
132
230
19
152
78
97
57
62
232
251
163
238
143
186
62
232
251
163
238
143
186
217
163
102
141
154
54
104
217
163
102
141
154
54
104
244
223
211
127
77
253
55
244
223
211
127
77
253
55
157
38
116
153
210
103
73
157
38
116
153
210
103
73
54
172
218
179
106
205
171
54
172
218
179
106
205
171
102
1
152
6
96
25
128
102
1
152
6
96
25
128
36
48
144
194
67
9
12
36
48
144
194
67
9
12
66
181
10
212
43
80
173
66
181
10
212
43
80
173
234
163
170
142
170
58
168
234
163
170
142
170
58
168
197
207
23
60
92
241
115
197
207
23
60
92
241
115
37
188
150
242
91
201
111
37
188
150
242
91
201
111
189
178
246
203
219
47
108
189
178
246
203
219
47
108
132
230
19
152
78
97
57
132
230
19
152
78
97
57
177
214
199
91
29
108
117
177
214
199
91
29
108
117
195
255
15
252
63
240
255
195
255
15
252
63
240
255
212
207
83
61
76
245
51
212
207
83
61
76
245
51
157
38
116
153
210
103
73
157
38
116
153
210
103
73
230
199
155
30
108
121
177
230
199
155
30
108
121
177
40
208
163
66
141
10
52
40
208
163
66
141
10
52
239
139
190
46
248
187
226
239
139
190
46
248
187
226
66
181
10
212
43
80
173
66
181
10
212
43
80
173
182
238
219
187
110
237
187
182
238
219
187
110
237
187
74
117
41
212
167
82
157
74
117
41
212
167
82
157
209
99
69
141
22
52
88
209
99
69
141
22
52
88
189
178
246
203
219
47
108
189
178
246
203
219
47
108
196
67
17
12
68
49
16
196
67
17
12
68
49
16
60
124
241
243
199
207
31
60
124
241
243
199
207
31
231
207
159
62
124
249
243
231
207
159
62
124
249
243
212
207
83
61
76
245
51
212
207
83
61
76
245
51
87
149
94
85
121
85
229
87
149
94
85
121
85
229
28
108
113
177
198
199
27
28
108
113
177
198
199
27
13
108
53
176
214
195
91
13
108
53
176
214
195
91
239
139
190
46
248
187
226
239
139
190
46
248
187
226
13
232
55
160
222
131
122
13
232
55
160
222
131
122
215
215
95
93
125
117
245
215
215
95
93
125
117
245
137
138
38
40
152
162
98
137
138
38
40
152
162
98
209
99
69
141
22
52
88
209
99
69
141
22
52
88
212
75
81
45
68
181
18
212
75
81
45
68
181
18
35
8
140
34
48
136
194
35
8
140
34
48
136
194
20
172
82
177
74
197
43
20
172
82
177
74
197
43
231
207
159
62
124
249
243
231
207
159
62
124
249
243
178
74
201
43
36
172
146
178
74
201
43
36
172
146
7
56
28
224
